minX,maxX,minY,maxY
55.671641,55.6982458,48.82711,48.9089476
55.671641,55.6982458,48.9089476,48.9907852
55.671641,55.6982458,48.9907852,49.0726228
55.671641,55.6982458,49.0726228,49.1544604
55.671641,55.6982458,49.1544604,49.236298
55.671641,55.6982458,49.236298,49.3181356
55.671641,55.6982458,49.3181356,49.3999732
55.671641,55.6982458,49.3999732,49.4818108
55.671641,55.6982458,49.4818108,49.5636484
55.671641,55.6982458,49.5636484,49.645486
55.6982458,55.7248506,48.82711,48.9089476
55.6982458,55.7248506,48.9089476,48.9907852
55.6982458,55.7248506,48.9907852,49.0726228
55.6982458,55.7248506,49.0726228,49.1544604
55.6982458,55.7248506,49.1544604,49.236298
55.6982458,55.7248506,49.236298,49.3181356
55.6982458,55.7248506,49.3181356,49.3999732
55.6982458,55.7248506,49.3999732,49.4818108
55.6982458,55.7248506,49.4818108,49.5636484
55.6982458,55.7248506,49.5636484,49.645486
55.7248506,55.7514554,48.82711,48.9089476
55.7248506,55.7514554,48.9089476,48.9907852
55.7248506,55.7514554,48.9907852,49.0726228
55.7248506,55.7514554,49.0726228,49.1544604
55.7248506,55.7514554,49.1544604,49.236298
55.7248506,55.7514554,49.236298,49.3181356
55.7248506,55.7514554,49.3181356,49.3999732
55.7248506,55.7514554,49.3999732,49.4818108
55.7248506,55.7514554,49.4818108,49.5636484
55.7248506,55.7514554,49.5636484,49.645486
55.7514554,55.7780602,48.82711,48.9089476
55.7514554,55.7780602,48.9089476,48.9907852
55.7514554,55.7780602,48.9907852,49.0726228
55.7514554,55.7780602,49.0726228,49.1544604
55.7514554,55.7780602,49.1544604,49.236298
55.7514554,55.7780602,49.236298,49.3181356
55.7514554,55.7780602,49.3181356,49.3999732
55.7514554,55.7780602,49.3999732,49.4818108
55.7514554,55.7780602,49.4818108,49.5636484
55.7514554,55.7780602,49.5636484,49.645486
55.7780602,55.804665,48.82711,48.9089476
55.7780602,55.804665,48.9089476,48.9907852
55.7780602,55.804665,48.9907852,49.0726228
55.7780602,55.804665,49.0726228,49.1544604
55.7780602,55.804665,49.1544604,49.236298
55.7780602,55.804665,49.236298,49.3181356
55.7780602,55.804665,49.3181356,49.3999732
55.7780602,55.804665,49.3999732,49.4818108
55.7780602,55.804665,49.4818108,49.5636484
55.7780602,55.804665,49.5636484,49.645486
55.804665,55.8312698,48.82711,48.9089476
55.804665,55.8312698,48.9089476,48.9907852
55.804665,55.8312698,48.9907852,49.0726228
55.804665,55.8312698,49.0726228,49.1544604
55.804665,55.8312698,49.1544604,49.236298
55.804665,55.8312698,49.236298,49.3181356
55.804665,55.8312698,49.3181356,49.3999732
55.804665,55.8312698,49.3999732,49.4818108
55.804665,55.8312698,49.4818108,49.5636484
55.804665,55.8312698,49.5636484,49.645486
55.8312698,55.8578746,48.82711,48.9089476
55.8312698,55.8578746,48.9089476,48.9907852
55.8312698,55.8578746,48.9907852,49.0726228
55.8312698,55.8578746,49.0726228,49.1544604
55.8312698,55.8578746,49.1544604,49.236298
55.8312698,55.8578746,49.236298,49.3181356
55.8312698,55.8578746,49.3181356,49.3999732
55.8312698,55.8578746,49.3999732,49.4818108
55.8312698,55.8578746,49.4818108,49.5636484
55.8312698,55.8578746,49.5636484,49.645486
55.8578746,55.8844794,48.82711,48.9089476
55.8578746,55.8844794,48.9089476,48.9907852
55.8578746,55.8844794,48.9907852,49.0726228
55.8578746,55.8844794,49.0726228,49.1544604
55.8578746,55.8844794,49.1544604,49.236298
55.8578746,55.8844794,49.236298,49.3181356
55.8578746,55.8844794,49.3181356,49.3999732
55.8578746,55.8844794,49.3999732,49.4818108
55.8578746,55.8844794,49.4818108,49.5636484
55.8578746,55.8844794,49.5636484,49.645486
55.8844794,55.9110842,48.82711,48.9089476
55.8844794,55.9110842,48.9089476,48.9907852
55.8844794,55.9110842,48.9907852,49.0726228
55.8844794,55.9110842,49.0726228,49.1544604
55.8844794,55.9110842,49.1544604,49.236298
55.8844794,55.9110842,49.236298,49.3181356
55.8844794,55.9110842,49.3181356,49.3999732
55.8844794,55.9110842,49.3999732,49.4818108
55.8844794,55.9110842,49.4818108,49.5636484
55.8844794,55.9110842,49.5636484,49.645486
55.9110842,55.937689,48.82711,48.9089476
55.9110842,55.937689,48.9089476,48.9907852
55.9110842,55.937689,48.9907852,49.0726228
55.9110842,55.937689,49.0726228,49.1544604
55.9110842,55.937689,49.1544604,49.236298
55.9110842,55.937689,49.236298,49.3181356
55.9110842,55.937689,49.3181356,49.3999732
55.9110842,55.937689,49.3999732,49.4818108
55.9110842,55.937689,49.4818108,49.5636484
55.9110842,55.937689,49.5636484,49.645486
